frequency	e'	e''	u'	u''
2000000000.0000	  10.9380	  10.1327	   1.1071	   0.1285
2080000000.0000	  10.6727	   9.9930	   1.1040	   0.1327
2160000000.0000	  10.4652	   9.8823	   1.1105	   0.1270
2240000000.0000	  10.2680	   9.7340	   1.1104	   0.1312
2320000000.0000	  10.0400	   9.6210	   1.1095	   0.1257
2400000000.0000	   9.8983	   9.5073	   1.0994	   0.1236
2480000000.0000	   9.6969	   9.3822	   1.0906	   0.1283
2560000000.0000	   9.5523	   9.2935	   1.0845	   0.1193
2640000000.0000	   9.3892	   9.1783	   1.0639	   0.1251
2720000000.0000	   9.2331	   9.0985	   1.0634	   0.1166
2800000000.0000	   9.1195	   8.9967	   1.0461	   0.1126
2880000000.0000	   8.9536	   8.9115	   1.0404	   0.1098
2960000000.0000	   8.8510	   8.8416	   1.0299	   0.0971
3040000000.0000	   8.7092	   8.7258	   1.0230	   0.0983
3120000000.0000	   8.5739	   8.6754	   1.0198	   0.0848
3200000000.0000	   8.4627	   8.5724	   1.0038	   0.0808
3280000000.0000	   8.3212	   8.5166	   1.0063	   0.0802
3360000000.0000	   8.2278	   8.4346	   0.9955	   0.0667
3440000000.0000	   8.0694	   8.3313	   0.9914	   0.0692
3520000000.0000	   7.9622	   8.2870	   0.9892	   0.0620
3600000000.0000	   7.8450	   8.1733	   0.9851	   0.0601
3680000000.0000	   7.7045	   8.0996	   0.9888	   0.0539
3760000000.0000	   7.5930	   8.0020	   0.9818	   0.0487
3840000000.0000	   7.4566	   7.9111	   0.9858	   0.0506
3920000000.0000	   7.3473	   7.8330	   0.9859	   0.0452
4000000000.0000	   7.2254	   7.7253	   0.9907	   0.0447
4080000000.0000	   7.1042	   7.6449	   0.9945	   0.0444
4160000000.0000	   6.9931	   7.5464	   0.9985	   0.0435
4240000000.0000	   6.8927	   7.4659	   1.0060	   0.0459
4320000000.0000	   6.7882	   7.3635	   1.0107	   0.0470
4400000000.0000	   6.6882	   7.2838	   1.0182	   0.0480
4480000000.0000	   6.5907	   7.1948	   1.0212	   0.0514
4560000000.0000	   6.4858	   7.1201	   1.0291	   0.0548
4640000000.0000	   6.4080	   7.0478	   1.0336	   0.0567
4720000000.0000	   6.3041	   6.9686	   1.0409	   0.0625
4800000000.0000	   6.2291	   6.9311	   1.0450	   0.0611
4880000000.0000	   6.1530	   6.8479	   1.0492	   0.0667
4960000000.0000	   6.0622	   6.8174	   1.0537	   0.0635
5040000000.0000	   6.0158	   6.7566	   1.0521	   0.0668
5120000000.0000	   5.9209	   6.7078	   1.0588	   0.0698
5200000000.0000	   5.8680	   6.6755	   1.0568	   0.0649
5280000000.0000	   5.7978	   6.6179	   1.0581	   0.0691
5360000000.0000	   5.7355	   6.5994	   1.0579	   0.0622
5440000000.0000	   5.6800	   6.5505	   1.0533	   0.0618
5520000000.0000	   5.6176	   6.5323	   1.0532	   0.0596
5600000000.0000	   5.5789	   6.4959	   1.0453	   0.0559
5680000000.0000	   5.5176	   6.4500	   1.0467	   0.0542
5760000000.0000	   5.4728	   6.4341	   1.0383	   0.0474
5840000000.0000	   5.4234	   6.3903	   1.0346	   0.0450
5920000000.0000	   5.3813	   6.3704	   1.0326	   0.0388
6000000000.0000	   5.3496	   6.3191	   1.0257	   0.0327
6080000000.0000	   5.2874	   6.2990	   1.0227	   0.0268
6160000000.0000	   5.2810	   6.2603	   1.0162	   0.0238
6240000000.0000	   5.2248	   6.2146	   1.0173	   0.0173
6320000000.0000	   5.1983	   6.1816	   1.0116	   0.0100
6400000000.0000	   5.1585	   6.1352	   1.0086	   0.0079
6480000000.0000	   5.1313	   6.0992	   1.0079	   0.0008
6560000000.0000	   5.1088	   6.0389	   1.0045	  -0.0020
6640000000.0000	   5.0572	   6.0068	   1.0046	  -0.0076
6720000000.0000	   5.0400	   5.9585	   1.0015	  -0.0090
6800000000.0000	   5.0035	   5.9222	   1.0027	  -0.0126
6880000000.0000	   4.9775	   5.8692	   1.0017	  -0.0152
6960000000.0000	   4.9422	   5.8217	   1.0031	  -0.0164
7040000000.0000	   4.9239	   5.7888	   1.0023	  -0.0206
7120000000.0000	   4.8945	   5.7220	   1.0020	  -0.0194
7200000000.0000	   4.8622	   5.6945	   1.0049	  -0.0220
7280000000.0000	   4.8468	   5.6316	   1.0039	  -0.0204
7360000000.0000	   4.7997	   5.5923	   1.0086	  -0.0219
7440000000.0000	   4.7951	   5.5514	   1.0060	  -0.0216
7520000000.0000	   4.7471	   5.4962	   1.0107	  -0.0191
7600000000.0000	   4.7305	   5.4693	   1.0106	  -0.0222
7680000000.0000	   4.7063	   5.3966	   1.0124	  -0.0169
7760000000.0000	   4.6572	   5.3694	   1.0166	  -0.0172
7840000000.0000	   4.6535	   5.3149	   1.0164	  -0.0153
7920000000.0000	   4.5959	   5.2733	   1.0218	  -0.0132
8000000000.0000	   4.5814	   5.2461	   1.0212	  -0.0132
8080000000.0000	   4.5430	   5.1851	   1.0252	  -0.0082
8160000000.0000	   4.5059	   5.1628	   1.0274	  -0.0092
8240000000.0000	   4.4866	   5.1147	   1.0280	  -0.0043
8320000000.0000	   4.4397	   5.0762	   1.0349	  -0.0032
8400000000.0000	   4.4113	   5.0433	   1.0355	  -0.0035
8480000000.0000	   4.3647	   5.0112	   1.0391	  -0.0021
8560000000.0000	   4.3295	   4.9811	   1.0400	   0.0007
8640000000.0000	   4.2949	   4.9466	   1.0436	   0.0007
8720000000.0000	   4.2456	   4.9213	   1.0472	   0.0009
8800000000.0000	   4.2043	   4.8983	   1.0496	   0.0005
8880000000.0000	   4.1676	   4.8820	   1.0503	  -0.0001
8960000000.0000	   4.1355	   4.8418	   1.0527	   0.0012
9040000000.0000	   4.0890	   4.8394	   1.0555	  -0.0033
9120000000.0000	   4.0650	   4.8116	   1.0549	  -0.0037
9200000000.0000	   4.0143	   4.7893	   1.0580	  -0.0073
9280000000.0000	   3.9990	   4.7786	   1.0555	  -0.0082
9360000000.0000	   3.9495	   4.7504	   1.0605	  -0.0090
9440000000.0000	   3.9279	   4.7580	   1.0584	  -0.0174
9520000000.0000	   3.9112	   4.7076	   1.0570	  -0.0153
9600000000.0000	   3.8719	   4.7040	   1.0576	  -0.0206
9680000000.0000	   3.8810	   4.6801	   1.0523	  -0.0208
9760000000.0000	   3.8437	   4.6454	   1.0562	  -0.0215
9840000000.0000	   3.8310	   4.6304	   1.0526	  -0.0264
9920000000.0000	   3.8140	   4.5863	   1.0537	  -0.0239
10000000000.0000	   3.8009	   4.5869	   1.0528	  -0.0295
10080000000.0000	   3.8222	   4.5435	   1.0487	  -0.0271
10160000000.0000	   3.7835	   4.5224	   1.0525	  -0.0294
10240000000.0000	   3.7967	   4.4956	   1.0465	  -0.0307
10320000000.0000	   3.7764	   4.4581	   1.0496	  -0.0287
10400000000.0000	   3.7713	   4.4404	   1.0481	  -0.0306
10480000000.0000	   3.7732	   4.4015	   1.0474	  -0.0295
10560000000.0000	   3.7405	   4.3811	   1.0526	  -0.0300
10640000000.0000	   3.7277	   4.3472	   1.0524	  -0.0297
10720000000.0000	   3.7210	   4.3298	   1.0534	  -0.0298
10800000000.0000	   3.6925	   4.2927	   1.0572	  -0.0291
10880000000.0000	   3.6720	   4.2865	   1.0583	  -0.0326
10960000000.0000	   3.6584	   4.2517	   1.0611	  -0.0299
11040000000.0000	   3.6199	   4.2356	   1.0649	  -0.0333
11120000000.0000	   3.6177	   4.2180	   1.0652	  -0.0347
11200000000.0000	   3.5629	   4.1774	   1.0741	  -0.0318
11280000000.0000	   3.5436	   4.1928	   1.0735	  -0.0391
11360000000.0000	   3.5243	   4.1483	   1.0793	  -0.0350
11440000000.0000	   3.4588	   4.1544	   1.0869	  -0.0415
11520000000.0000	   3.4658	   4.1314	   1.0843	  -0.0398
11600000000.0000	   3.3973	   4.1068	   1.0965	  -0.0402
11680000000.0000	   3.3766	   4.1200	   1.0964	  -0.0427
11760000000.0000	   3.3437	   4.0334	   1.1015	  -0.0285
11840000000.0000	   3.2795	   4.0455	   1.1014	  -0.0355
11920000000.0000	   3.3397	   4.0017	   1.0804	  -0.0286
12000000000.0000	   3.3222	   3.9722	   1.0783	  -0.0426
12080000000.0000	   3.3121	   4.0481	   1.0814	  -0.0681
12160000000.0000	   3.2780	   4.0170	   1.0923	  -0.0654
12240000000.0000	   3.2218	   4.0258	   1.1011	  -0.0725
12320000000.0000	   3.2168	   4.0039	   1.1027	  -0.0691
12400000000.0000	   3.1703	   3.9773	   1.1107	  -0.0691
12480000000.0000	   3.1540	   3.9672	   1.1095	  -0.0714
12560000000.0000	   3.1419	   3.9376	   1.1116	  -0.0682
12640000000.0000	   3.1127	   3.9211	   1.1143	  -0.0711
12720000000.0000	   3.1121	   3.9124	   1.1124	  -0.0720
12800000000.0000	   3.0933	   3.8836	   1.1152	  -0.0692
12880000000.0000	   3.0721	   3.8678	   1.1174	  -0.0730
12960000000.0000	   3.0801	   3.8478	   1.1152	  -0.0714
13040000000.0000	   3.0580	   3.8136	   1.1199	  -0.0714
13120000000.0000	   3.0452	   3.8266	   1.1176	  -0.0782
13200000000.0000	   3.0604	   3.7803	   1.1167	  -0.0703
13280000000.0000	   3.0196	   3.7727	   1.1214	  -0.0778
13360000000.0000	   3.0494	   3.7796	   1.1128	  -0.0764
13440000000.0000	   3.0247	   3.7273	   1.1200	  -0.0723
13520000000.0000	   3.0306	   3.7642	   1.1133	  -0.0808
13600000000.0000	   3.0600	   3.7113	   1.1121	  -0.0699
13680000000.0000	   3.0236	   3.7162	   1.1163	  -0.0789
13760000000.0000	   3.0717	   3.7143	   1.1071	  -0.0759
13840000000.0000	   3.0571	   3.6705	   1.1133	  -0.0716
13920000000.0000	   3.0844	   3.6949	   1.1053	  -0.0753
14000000000.0000	   3.1033	   3.6536	   1.1047	  -0.0651
14080000000.0000	   3.0832	   3.6753	   1.1030	  -0.0716
14160000000.0000	   3.1246	   3.6561	   1.0944	  -0.0647
14240000000.0000	   3.0960	   3.6290	   1.0994	  -0.0639
14320000000.0000	   3.1235	   3.6321	   1.0919	  -0.0650
14400000000.0000	   3.1207	   3.5999	   1.0967	  -0.0624
14480000000.0000	   3.1110	   3.5883	   1.1000	  -0.0614
14560000000.0000	   3.1045	   3.5574	   1.1040	  -0.0556
14640000000.0000	   3.0952	   3.5287	   1.1043	  -0.0479
14720000000.0000	   3.0994	   3.4851	   1.1019	  -0.0389
14800000000.0000	   3.0868	   3.4686	   1.1021	  -0.0399
14880000000.0000	   3.0944	   3.4297	   1.1005	  -0.0344
14960000000.0000	   3.0543	   3.4130	   1.1089	  -0.0382
15040000000.0000	   3.0717	   3.4008	   1.1063	  -0.0358
15120000000.0000	   3.0285	   3.3591	   1.1168	  -0.0323
15200000000.0000	   3.0176	   3.3743	   1.1163	  -0.0382
15280000000.0000	   3.0038	   3.3217	   1.1224	  -0.0293
15360000000.0000	   2.9523	   3.3270	   1.1291	  -0.0381
15440000000.0000	   2.9626	   3.3022	   1.1278	  -0.0316
15520000000.0000	   2.9001	   3.2778	   1.1397	  -0.0361
15600000000.0000	   2.9076	   3.2927	   1.1350	  -0.0387
15680000000.0000	   2.8778	   3.2288	   1.1444	  -0.0314
15760000000.0000	   2.8395	   3.2643	   1.1460	  -0.0450
15840000000.0000	   2.8587	   3.2229	   1.1425	  -0.0350
15920000000.0000	   2.8059	   3.2130	   1.1525	  -0.0419
16000000000.0000	   2.8318	   3.2200	   1.1442	  -0.0407
16080000000.0000	   2.7944	   3.1708	   1.1545	  -0.0369
16160000000.0000	   2.7868	   3.1954	   1.1504	  -0.0447
16240000000.0000	   2.8000	   3.1582	   1.1510	  -0.0344
16320000000.0000	   2.7771	   3.1610	   1.1528	  -0.0413
16400000000.0000	   2.8075	   3.1379	   1.1477	  -0.0348
16480000000.0000	   2.7881	   3.1136	   1.1512	  -0.0322
16560000000.0000	   2.8040	   3.1160	   1.1470	  -0.0318
16640000000.0000	   2.8131	   3.0803	   1.1481	  -0.0241
16720000000.0000	   2.8180	   3.0661	   1.1462	  -0.0226
16800000000.0000	   2.8261	   3.0391	   1.1459	  -0.0158
16880000000.0000	   2.8304	   3.0151	   1.1461	  -0.0104
16960000000.0000	   2.8430	   2.9910	   1.1447	  -0.0060
17040000000.0000	   2.8420	   2.9731	   1.1451	  -0.0020
17120000000.0000	   2.8552	   2.9314	   1.1455	   0.0090
17200000000.0000	   2.8395	   2.9140	   1.1490	   0.0095
17280000000.0000	   2.8648	   2.8937	   1.1434	   0.0177
17360000000.0000	   2.8377	   2.8476	   1.1537	   0.0237
17440000000.0000	   2.8426	   2.8508	   1.1502	   0.0249
17520000000.0000	   2.8406	   2.7918	   1.1550	   0.0374
17600000000.0000	   2.8156	   2.7935	   1.1576	   0.0339
17680000000.0000	   2.8405	   2.7565	   1.1535	   0.0465
17760000000.0000	   2.7960	   2.7238	   1.1661	   0.0484
17840000000.0000	   2.8148	   2.7207	   1.1572	   0.0515
17920000000.0000	   2.7970	   2.6590	   1.1670	   0.0635
18000000000.0000	   2.7744	   2.6773	   1.1674	   0.0568
