frequency	e'	e''	u'	u''
2000000000.0000	   4.8659	   2.2716	   1.1259	   0.1051
2080000000.0000	   4.8092	   2.2465	   1.1222	   0.1075
2160000000.0000	   4.7623	   2.2265	   1.1288	   0.0983
2240000000.0000	   4.7210	   2.1919	   1.1303	   0.1035
2320000000.0000	   4.6602	   2.1791	   1.1350	   0.0938
2400000000.0000	   4.6416	   2.1600	   1.1275	   0.0888
2480000000.0000	   4.5978	   2.1322	   1.1218	   0.0946
2560000000.0000	   4.5650	   2.1165	   1.1246	   0.0860
2640000000.0000	   4.5460	   2.0932	   1.1044	   0.0901
2720000000.0000	   4.5034	   2.0753	   1.1123	   0.0881
2800000000.0000	   4.5070	   2.0600	   1.0938	   0.0829
2880000000.0000	   4.4758	   2.0335	   1.0874	   0.0892
2960000000.0000	   4.4696	   2.0240	   1.0791	   0.0819
3040000000.0000	   4.4534	   1.9972	   1.0692	   0.0860
3120000000.0000	   4.4316	   1.9933	   1.0648	   0.0803
3200000000.0000	   4.4282	   1.9791	   1.0461	   0.0751
3280000000.0000	   4.4123	   1.9653	   1.0430	   0.0811
3360000000.0000	   4.4003	   1.9602	   1.0333	   0.0735
3440000000.0000	   4.3794	   1.9497	   1.0233	   0.0724
3520000000.0000	   4.3719	   1.9459	   1.0161	   0.0698
3600000000.0000	   4.3522	   1.9310	   1.0096	   0.0687
3680000000.0000	   4.3284	   1.9273	   1.0087	   0.0633
3760000000.0000	   4.3111	   1.9260	   0.9992	   0.0564
3840000000.0000	   4.2874	   1.9171	   0.9950	   0.0538
3920000000.0000	   4.2676	   1.9120	   0.9883	   0.0510
4000000000.0000	   4.2344	   1.9065	   0.9946	   0.0491
4080000000.0000	   4.2163	   1.9078	   0.9921	   0.0417
4160000000.0000	   4.1870	   1.8958	   0.9938	   0.0383
4240000000.0000	   4.1613	   1.8912	   0.9982	   0.0392
4320000000.0000	   4.1304	   1.8800	   1.0027	   0.0380
4400000000.0000	   4.0968	   1.8773	   1.0121	   0.0376
4480000000.0000	   4.0666	   1.8710	   1.0148	   0.0346
4560000000.0000	   4.0293	   1.8668	   1.0242	   0.0386
4640000000.0000	   4.0048	   1.8634	   1.0306	   0.0370
4720000000.0000	   3.9685	   1.8539	   1.0405	   0.0421
4800000000.0000	   3.9435	   1.8611	   1.0473	   0.0391
4880000000.0000	   3.9143	   1.8463	   1.0540	   0.0442
4960000000.0000	   3.8819	   1.8543	   1.0616	   0.0413
5040000000.0000	   3.8668	   1.8455	   1.0619	   0.0453
5120000000.0000	   3.8333	   1.8437	   1.0725	   0.0496
5200000000.0000	   3.8139	   1.8472	   1.0732	   0.0455
5280000000.0000	   3.7938	   1.8388	   1.0767	   0.0501
5360000000.0000	   3.7747	   1.8452	   1.0777	   0.0450
5440000000.0000	   3.7574	   1.8414	   1.0728	   0.0451
5520000000.0000	   3.7410	   1.8468	   1.0750	   0.0467
5600000000.0000	   3.7341	   1.8495	   1.0679	   0.0432
5680000000.0000	   3.7189	   1.8397	   1.0702	   0.0427
5760000000.0000	   3.7065	   1.8517	   1.0620	   0.0360
5840000000.0000	   3.6927	   1.8500	   1.0577	   0.0351
5920000000.0000	   3.6935	   1.8586	   1.0566	   0.0279
6000000000.0000	   3.6821	   1.8491	   1.0493	   0.0237
6080000000.0000	   3.6699	   1.8636	   1.0457	   0.0159
6160000000.0000	   3.6723	   1.8588	   1.0393	   0.0143
6240000000.0000	   3.6571	   1.8595	   1.0401	   0.0075
6320000000.0000	   3.6544	   1.8649	   1.0339	  -0.0020
6400000000.0000	   3.6441	   1.8601	   1.0296	  -0.0027
6480000000.0000	   3.6360	   1.8636	   1.0298	  -0.0113
6560000000.0000	   3.6285	   1.8540	   1.0269	  -0.0151
6640000000.0000	   3.6111	   1.8647	   1.0262	  -0.0211
6720000000.0000	   3.6125	   1.8618	   1.0217	  -0.0258
6800000000.0000	   3.5985	   1.8581	   1.0225	  -0.0268
6880000000.0000	   3.5859	   1.8562	   1.0223	  -0.0334
6960000000.0000	   3.5772	   1.8499	   1.0227	  -0.0342
7040000000.0000	   3.5686	   1.8530	   1.0230	  -0.0397
7120000000.0000	   3.5562	   1.8393	   1.0215	  -0.0405
7200000000.0000	   3.5485	   1.8414	   1.0249	  -0.0426
7280000000.0000	   3.5387	   1.8279	   1.0239	  -0.0438
7360000000.0000	   3.5202	   1.8241	   1.0282	  -0.0459
7440000000.0000	   3.5175	   1.8219	   1.0259	  -0.0464
7520000000.0000	   3.5002	   1.8118	   1.0297	  -0.0449
7600000000.0000	   3.4923	   1.8099	   1.0314	  -0.0478
7680000000.0000	   3.4782	   1.7948	   1.0333	  -0.0440
7760000000.0000	   3.4628	   1.8003	   1.0376	  -0.0447
7840000000.0000	   3.4575	   1.7828	   1.0393	  -0.0429
7920000000.0000	   3.4331	   1.7816	   1.0448	  -0.0417
8000000000.0000	   3.4262	   1.7809	   1.0460	  -0.0418
8080000000.0000	   3.4104	   1.7698	   1.0496	  -0.0374
8160000000.0000	   3.3946	   1.7712	   1.0530	  -0.0372
8240000000.0000	   3.3841	   1.7627	   1.0550	  -0.0322
8320000000.0000	   3.3653	   1.7627	   1.0629	  -0.0319
8400000000.0000	   3.3537	   1.7577	   1.0641	  -0.0320
8480000000.0000	   3.3344	   1.7558	   1.0671	  -0.0292
8560000000.0000	   3.3190	   1.7567	   1.0686	  -0.0255
8640000000.0000	   3.3008	   1.7495	   1.0739	  -0.0238
8720000000.0000	   3.2827	   1.7605	   1.0776	  -0.0249
8800000000.0000	   3.2652	   1.7601	   1.0796	  -0.0222
8880000000.0000	   3.2515	   1.7696	   1.0817	  -0.0230
8960000000.0000	   3.2360	   1.7631	   1.0846	  -0.0213
9040000000.0000	   3.2145	   1.7784	   1.0897	  -0.0250
9120000000.0000	   3.2058	   1.7806	   1.0892	  -0.0255
9200000000.0000	   3.1820	   1.7865	   1.0935	  -0.0277
9280000000.0000	   3.1736	   1.7973	   1.0932	  -0.0291
9360000000.0000	   3.1558	   1.8021	   1.0975	  -0.0297
9440000000.0000	   3.1427	   1.8143	   1.0982	  -0.0357
9520000000.0000	   3.1246	   1.8136	   1.0991	  -0.0370
9600000000.0000	   3.1080	   1.8259	   1.1002	  -0.0401
9680000000.0000	   3.1074	   1.8264	   1.0975	  -0.0411
9760000000.0000	   3.0857	   1.8233	   1.1023	  -0.0400
9840000000.0000	   3.0692	   1.8313	   1.1019	  -0.0457
9920000000.0000	   3.0543	   1.8228	   1.1040	  -0.0428
10000000000.0000	   3.0452	   1.8348	   1.1063	  -0.0469
10080000000.0000	   3.0437	   1.8210	   1.1053	  -0.0439
10160000000.0000	   3.0220	   1.8255	   1.1099	  -0.0451
10240000000.0000	   3.0139	   1.8191	   1.1071	  -0.0448
10320000000.0000	   2.9973	   1.8120	   1.1116	  -0.0415
10400000000.0000	   2.9861	   1.8112	   1.1125	  -0.0409
10480000000.0000	   2.9743	   1.7962	   1.1139	  -0.0368
10560000000.0000	   2.9572	   1.7969	   1.1198	  -0.0335
10640000000.0000	   2.9376	   1.7875	   1.1205	  -0.0296
10720000000.0000	   2.9277	   1.7830	   1.1214	  -0.0252
10800000000.0000	   2.9050	   1.7673	   1.1247	  -0.0203
10880000000.0000	   2.8880	   1.7626	   1.1245	  -0.0178
10960000000.0000	   2.8770	   1.7486	   1.1234	  -0.0114
11040000000.0000	   2.8552	   1.7378	   1.1231	  -0.0093
11120000000.0000	   2.8551	   1.7282	   1.1200	  -0.0090
11200000000.0000	   2.8318	   1.7199	   1.1205	  -0.0053
11280000000.0000	   2.8273	   1.7260	   1.1170	  -0.0119
11360000000.0000	   2.8251	   1.7159	   1.1178	  -0.0105
11440000000.0000	   2.8021	   1.7328	   1.1213	  -0.0164
11520000000.0000	   2.8081	   1.7331	   1.1183	  -0.0189
11600000000.0000	   2.7773	   1.7386	   1.1266	  -0.0193
11680000000.0000	   2.7714	   1.7669	   1.1262	  -0.0250
11760000000.0000	   2.7386	   1.7516	   1.1280	  -0.0167
11840000000.0000	   2.7018	   1.7807	   1.1276	  -0.0258
11920000000.0000	   2.7015	   1.7638	   1.1111	  -0.0282
12000000000.0000	   2.6746	   1.7419	   1.1158	  -0.0464
12080000000.0000	   2.6859	   1.7681	   1.1289	  -0.0662
12160000000.0000	   2.6664	   1.7728	   1.1414	  -0.0638
12240000000.0000	   2.6426	   1.7963	   1.1520	  -0.0671
12320000000.0000	   2.6273	   1.8001	   1.1566	  -0.0648
12400000000.0000	   2.5959	   1.8009	   1.1665	  -0.0634
12480000000.0000	   2.5731	   1.8106	   1.1692	  -0.0659
12560000000.0000	   2.5513	   1.8044	   1.1749	  -0.0617
12640000000.0000	   2.5216	   1.8060	   1.1813	  -0.0635
12720000000.0000	   2.5036	   1.8034	   1.1850	  -0.0624
12800000000.0000	   2.4777	   1.7998	   1.1911	  -0.0586
12880000000.0000	   2.4520	   1.7919	   1.1984	  -0.0586
12960000000.0000	   2.4333	   1.7860	   1.2024	  -0.0561
13040000000.0000	   2.4044	   1.7702	   1.2111	  -0.0524
13120000000.0000	   2.3829	   1.7727	   1.2149	  -0.0541
13200000000.0000	   2.3688	   1.7479	   1.2189	  -0.0433
13280000000.0000	   2.3304	   1.7413	   1.2282	  -0.0441
13360000000.0000	   2.3277	   1.7353	   1.2262	  -0.0375
13440000000.0000	   2.2932	   1.7074	   1.2364	  -0.0268
13520000000.0000	   2.2834	   1.7101	   1.2372	  -0.0261
13600000000.0000	   2.2772	   1.6757	   1.2393	  -0.0100
13680000000.0000	   2.2458	   1.6594	   1.2483	  -0.0060
13760000000.0000	   2.2509	   1.6393	   1.2439	   0.0060
13840000000.0000	   2.2284	   1.6043	   1.2510	   0.0209
13920000000.0000	   2.2264	   1.5926	   1.2477	   0.0295
14000000000.0000	   2.2195	   1.5521	   1.2459	   0.0518
14080000000.0000	   2.2006	   1.5372	   1.2435	   0.0613
14160000000.0000	   2.2064	   1.5010	   1.2325	   0.0799
14240000000.0000	   2.1893	   1.4649	   1.2305	   0.0950
14320000000.0000	   2.1998	   1.4301	   1.2172	   0.1086
14400000000.0000	   2.1983	   1.3829	   1.2132	   0.1266
14480000000.0000	   2.2027	   1.3509	   1.2051	   0.1429
14560000000.0000	   2.2051	   1.3151	   1.1944	   0.1611
14640000000.0000	   2.2077	   1.2827	   1.1763	   0.1772
14720000000.0000	   2.2109	   1.2411	   1.1551	   0.1934
14800000000.0000	   2.2125	   1.2078	   1.1391	   0.1983
14880000000.0000	   2.2291	   1.1647	   1.1188	   0.2057
14960000000.0000	   2.2336	   1.1386	   1.1083	   0.2068
15040000000.0000	   2.2609	   1.1080	   1.0889	   0.2085
15120000000.0000	   2.2656	   1.0800	   1.0779	   0.2127
15200000000.0000	   2.2855	   1.0713	   1.0641	   0.2035
15280000000.0000	   2.3020	   1.0406	   1.0497	   0.2067
15360000000.0000	   2.3071	   1.0390	   1.0427	   0.1954
15440000000.0000	   2.3350	   1.0206	   1.0270	   0.1916
15520000000.0000	   2.3349	   1.0127	   1.0232	   0.1839
15600000000.0000	   2.3633	   1.0130	   1.0119	   0.1722
15680000000.0000	   2.3691	   0.9930	   1.0059	   0.1692
15760000000.0000	   2.3839	   1.0106	   1.0032	   0.1519
15840000000.0000	   2.4092	   0.9954	   0.9902	   0.1486
15920000000.0000	   2.4101	   1.0026	   0.9923	   0.1377
16000000000.0000	   2.4432	   1.0056	   0.9821	   0.1271
16080000000.0000	   2.4444	   0.9993	   0.9821	   0.1221
16160000000.0000	   2.4677	   1.0151	   0.9759	   0.1086
16240000000.0000	   2.4871	   1.0074	   0.9705	   0.1077
16320000000.0000	   2.4998	   1.0180	   0.9697	   0.0969
16400000000.0000	   2.5200	   1.0132	   0.9649	   0.0911
16480000000.0000	   2.5300	   1.0187	   0.9612	   0.0859
16560000000.0000	   2.5566	   1.0226	   0.9569	   0.0802
16640000000.0000	   2.5680	   1.0196	   0.9552	   0.0776
16720000000.0000	   2.5815	   1.0232	   0.9519	   0.0714
16800000000.0000	   2.5924	   1.0234	   0.9488	   0.0691
16880000000.0000	   2.6017	   1.0266	   0.9467	   0.0647
16960000000.0000	   2.6152	   1.0198	   0.9446	   0.0623
17040000000.0000	   2.6188	   1.0284	   0.9441	   0.0568
17120000000.0000	   2.6294	   1.0196	   0.9417	   0.0573
17200000000.0000	   2.6243	   1.0270	   0.9441	   0.0517
17280000000.0000	   2.6408	   1.0273	   0.9394	   0.0494
17360000000.0000	   2.6305	   1.0255	   0.9441	   0.0476
17440000000.0000	   2.6390	   1.0392	   0.9429	   0.0427
17520000000.0000	   2.6336	   1.0283	   0.9449	   0.0428
17600000000.0000	   2.6271	   1.0427	   0.9471	   0.0361
17680000000.0000	   2.6361	   1.0348	   0.9452	   0.0369
17760000000.0000	   2.6181	   1.0445	   0.9522	   0.0329
17840000000.0000	   2.6313	   1.0494	   0.9486	   0.0286
17920000000.0000	   2.6141	   1.0376	   0.9545	   0.0294
18000000000.0000	   2.6152	   1.0634	   0.9559	   0.0218
