frequency	e'	e''	u'	u''
2000000000.0000	   7.6116	   5.2823	   1.0438	   0.3989
2080000000.0000	   7.4743	   5.2245	   1.0562	   0.3876
2160000000.0000	   7.3629	   5.1604	   1.0742	   0.3695
2240000000.0000	   7.2529	   5.0869	   1.0934	   0.3658
2320000000.0000	   7.1265	   5.0418	   1.1049	   0.3476
2400000000.0000	   7.0503	   4.9790	   1.1116	   0.3403
2480000000.0000	   6.9409	   4.9227	   1.1186	   0.3387
2560000000.0000	   6.8621	   4.8721	   1.1261	   0.3279
2640000000.0000	   6.7797	   4.8146	   1.1207	   0.3342
2720000000.0000	   6.6924	   4.7755	   1.1313	   0.3266
2800000000.0000	   6.6494	   4.7172	   1.1208	   0.3276
2880000000.0000	   6.5619	   4.6702	   1.1254	   0.3324
2960000000.0000	   6.5228	   4.6275	   1.1171	   0.3251
3040000000.0000	   6.4515	   4.5609	   1.1164	   0.3373
3120000000.0000	   6.3880	   4.5386	   1.1155	   0.3300
3200000000.0000	   6.3456	   4.4784	   1.0984	   0.3352
3280000000.0000	   6.2783	   4.4484	   1.1013	   0.3457
3360000000.0000	   6.2411	   4.4039	   1.0866	   0.3408
3440000000.0000	   6.1689	   4.3527	   1.0793	   0.3538
3520000000.0000	   6.1302	   4.3327	   1.0712	   0.3534
3600000000.0000	   6.0791	   4.2674	   1.0586	   0.3615
3680000000.0000	   6.0078	   4.2371	   1.0574	   0.3650
3760000000.0000	   5.9638	   4.1992	   1.0399	   0.3634
3840000000.0000	   5.9012	   4.1556	   1.0334	   0.3732
3920000000.0000	   5.8527	   4.1265	   1.0217	   0.3727
4000000000.0000	   5.7952	   4.0767	   1.0149	   0.3776
4080000000.0000	   5.7359	   4.0531	   1.0089	   0.3782
4160000000.0000	   5.6873	   4.0138	   0.9990	   0.3777
4240000000.0000	   5.6374	   3.9773	   0.9947	   0.3832
4320000000.0000	   5.5790	   3.9426	   0.9895	   0.3832
4400000000.0000	   5.5296	   3.9105	   0.9859	   0.3830
4480000000.0000	   5.4721	   3.8819	   0.9800	   0.3845
4560000000.0000	   5.4179	   3.8613	   0.9775	   0.3842
4640000000.0000	   5.3763	   3.8371	   0.9722	   0.3837
4720000000.0000	   5.3164	   3.8178	   0.9724	   0.3851
4800000000.0000	   5.2791	   3.8140	   0.9664	   0.3777
4880000000.0000	   5.2308	   3.7860	   0.9632	   0.3800
4960000000.0000	   5.1802	   3.7977	   0.9595	   0.3695
5040000000.0000	   5.1511	   3.7790	   0.9494	   0.3678
5120000000.0000	   5.0888	   3.7835	   0.9502	   0.3649
5200000000.0000	   5.0555	   3.7893	   0.9387	   0.3504
5280000000.0000	   4.9983	   3.7792	   0.9348	   0.3485
5360000000.0000	   4.9493	   3.7979	   0.9277	   0.3293
5440000000.0000	   4.8967	   3.7870	   0.9155	   0.3196
5520000000.0000	   4.8316	   3.7979	   0.9144	   0.3081
5600000000.0000	   4.7888	   3.7898	   0.9010	   0.2907
5680000000.0000	   4.7184	   3.7626	   0.9024	   0.2804
5760000000.0000	   4.6613	   3.7623	   0.8939	   0.2594
5840000000.0000	   4.6035	   3.7247	   0.8888	   0.2482
5920000000.0000	   4.5466	   3.7028	   0.8914	   0.2309
6000000000.0000	   4.4969	   3.6442	   0.8857	   0.2131
6080000000.0000	   4.4375	   3.5931	   0.8903	   0.1996
6160000000.0000	   4.4271	   3.5245	   0.8919	   0.1903
6240000000.0000	   4.4126	   3.4502	   0.8984	   0.1820
6320000000.0000	   4.4187	   3.4021	   0.8983	   0.1738
6400000000.0000	   4.4289	   3.3588	   0.8949	   0.1707
6480000000.0000	   4.4383	   3.3216	   0.8971	   0.1649
6560000000.0000	   4.4433	   3.2841	   0.8941	   0.1594
6640000000.0000	   4.4423	   3.2673	   0.8923	   0.1521
6720000000.0000	   4.4501	   3.2427	   0.8891	   0.1486
6800000000.0000	   4.4516	   3.2253	   0.8881	   0.1428
6880000000.0000	   4.4474	   3.1985	   0.8871	   0.1372
6960000000.0000	   4.4408	   3.1821	   0.8876	   0.1328
7040000000.0000	   4.4473	   3.1695	   0.8850	   0.1240
7120000000.0000	   4.4331	   3.1358	   0.8848	   0.1229
7200000000.0000	   4.4323	   3.1345	   0.8873	   0.1152
7280000000.0000	   4.4305	   3.0989	   0.8849	   0.1135
7360000000.0000	   4.4081	   3.0906	   0.8905	   0.1084
7440000000.0000	   4.4185	   3.0741	   0.8863	   0.1034
7520000000.0000	   4.3916	   3.0484	   0.8916	   0.1053
7600000000.0000	   4.3903	   3.0446	   0.8926	   0.0969
7680000000.0000	   4.3799	   3.0041	   0.8931	   0.1002
7760000000.0000	   4.3548	   3.0066	   0.9000	   0.0972
7840000000.0000	   4.3615	   2.9751	   0.8990	   0.0949
7920000000.0000	   4.3275	   2.9594	   0.9055	   0.0976
8000000000.0000	   4.3245	   2.9549	   0.9068	   0.0934
8080000000.0000	   4.3094	   2.9239	   0.9093	   0.0973
8160000000.0000	   4.2853	   2.9197	   0.9144	   0.0964
8240000000.0000	   4.2826	   2.9008	   0.9140	   0.0986
8320000000.0000	   4.2576	   2.8840	   0.9229	   0.1008
8400000000.0000	   4.2433	   2.8739	   0.9248	   0.0976
8480000000.0000	   4.2250	   2.8595	   0.9263	   0.0996
8560000000.0000	   4.2018	   2.8548	   0.9290	   0.1033
8640000000.0000	   4.1887	   2.8411	   0.9326	   0.1022
8720000000.0000	   4.1646	   2.8376	   0.9370	   0.1028
8800000000.0000	   4.1418	   2.8397	   0.9392	   0.1023
8880000000.0000	   4.1310	   2.8395	   0.9395	   0.1012
8960000000.0000	   4.1065	   2.8250	   0.9431	   0.1033
9040000000.0000	   4.0894	   2.8407	   0.9467	   0.0974
9120000000.0000	   4.0805	   2.8303	   0.9452	   0.0971
9200000000.0000	   4.0477	   2.8372	   0.9502	   0.0933
9280000000.0000	   4.0498	   2.8425	   0.9475	   0.0902
9360000000.0000	   4.0198	   2.8398	   0.9522	   0.0908
9440000000.0000	   4.0120	   2.8582	   0.9515	   0.0805
9520000000.0000	   3.9988	   2.8383	   0.9502	   0.0812
9600000000.0000	   3.9739	   2.8566	   0.9516	   0.0753
9680000000.0000	   3.9868	   2.8511	   0.9459	   0.0722
9760000000.0000	   3.9585	   2.8409	   0.9498	   0.0732
9840000000.0000	   3.9477	   2.8490	   0.9478	   0.0644
9920000000.0000	   3.9367	   2.8295	   0.9474	   0.0658
10000000000.0000	   3.9247	   2.8446	   0.9489	   0.0596
10080000000.0000	   3.9393	   2.8203	   0.9436	   0.0588
10160000000.0000	   3.9114	   2.8205	   0.9481	   0.0570
10240000000.0000	   3.9112	   2.8128	   0.9430	   0.0519
10320000000.0000	   3.8993	   2.7977	   0.9449	   0.0531
10400000000.0000	   3.8868	   2.7970	   0.9452	   0.0494
10480000000.0000	   3.8856	   2.7759	   0.9436	   0.0483
10560000000.0000	   3.8632	   2.7764	   0.9487	   0.0480
10640000000.0000	   3.8486	   2.7677	   0.9497	   0.0458
10720000000.0000	   3.8486	   2.7596	   0.9500	   0.0443
10800000000.0000	   3.8179	   2.7460	   0.9545	   0.0447
10880000000.0000	   3.8072	   2.7518	   0.9562	   0.0399
10960000000.0000	   3.7926	   2.7318	   0.9595	   0.0428
11040000000.0000	   3.7618	   2.7370	   0.9641	   0.0388
11120000000.0000	   3.7630	   2.7307	   0.9650	   0.0363
11200000000.0000	   3.7143	   2.7221	   0.9735	   0.0395
11280000000.0000	   3.7055	   2.7442	   0.9753	   0.0317
11360000000.0000	   3.6885	   2.7208	   0.9808	   0.0365
11440000000.0000	   3.6402	   2.7472	   0.9898	   0.0309
11520000000.0000	   3.6471	   2.7403	   0.9879	   0.0312
11600000000.0000	   3.5900	   2.7375	   0.9999	   0.0349
11680000000.0000	   3.5762	   2.7724	   1.0004	   0.0307
11760000000.0000	   3.5300	   2.7205	   1.0030	   0.0457
11840000000.0000	   3.4739	   2.7525	   1.0043	   0.0386
11920000000.0000	   3.4963	   2.7133	   0.9849	   0.0407
12000000000.0000	   3.4659	   2.6758	   0.9864	   0.0278
12080000000.0000	   3.4866	   2.7222	   0.9953	   0.0060
12160000000.0000	   3.4664	   2.7116	   1.0048	   0.0112
12240000000.0000	   3.4283	   2.7338	   1.0139	   0.0089
12320000000.0000	   3.4229	   2.7257	   1.0135	   0.0113
12400000000.0000	   3.3847	   2.7148	   1.0199	   0.0153
12480000000.0000	   3.3686	   2.7162	   1.0194	   0.0122
12560000000.0000	   3.3580	   2.6957	   1.0189	   0.0174
12640000000.0000	   3.3295	   2.6902	   1.0215	   0.0153
12720000000.0000	   3.3289	   2.6840	   1.0181	   0.0139
12800000000.0000	   3.3121	   2.6666	   1.0196	   0.0182
12880000000.0000	   3.2969	   2.6626	   1.0210	   0.0142
12960000000.0000	   3.3036	   2.6488	   1.0176	   0.0153
13040000000.0000	   3.2794	   2.6208	   1.0217	   0.0160
13120000000.0000	   3.2787	   2.6382	   1.0185	   0.0088
13200000000.0000	   3.2836	   2.6001	   1.0164	   0.0161
13280000000.0000	   3.2496	   2.6042	   1.0211	   0.0092
13360000000.0000	   3.2809	   2.6073	   1.0115	   0.0086
13440000000.0000	   3.2488	   2.5763	   1.0175	   0.0128
13520000000.0000	   3.2688	   2.6070	   1.0121	   0.0042
13600000000.0000	   3.2845	   2.5623	   1.0084	   0.0131
13680000000.0000	   3.2587	   2.5724	   1.0136	   0.0058
13760000000.0000	   3.3010	   2.5654	   1.0044	   0.0063
13840000000.0000	   3.2840	   2.5374	   1.0086	   0.0111
13920000000.0000	   3.3061	   2.5574	   1.0029	   0.0056
14000000000.0000	   3.3167	   2.5199	   0.9999	   0.0144
14080000000.0000	   3.3046	   2.5452	   0.9989	   0.0082
14160000000.0000	   3.3381	   2.5296	   0.9890	   0.0107
14240000000.0000	   3.3103	   2.5133	   0.9927	   0.0122
14320000000.0000	   3.3361	   2.5167	   0.9859	   0.0084
14400000000.0000	   3.3376	   2.4863	   0.9891	   0.0115
14480000000.0000	   3.3278	   2.4860	   0.9925	   0.0121
14560000000.0000	   3.3271	   2.4743	   0.9933	   0.0160
14640000000.0000	   3.3124	   2.4545	   0.9923	   0.0221
14720000000.0000	   3.3033	   2.4331	   0.9885	   0.0263
14800000000.0000	   3.2950	   2.4156	   0.9882	   0.0261
14880000000.0000	   3.2946	   2.3865	   0.9873	   0.0289
14960000000.0000	   3.2753	   2.3865	   0.9937	   0.0256
15040000000.0000	   3.2959	   2.3683	   0.9910	   0.0290
15120000000.0000	   3.2656	   2.3588	   0.9978	   0.0319
15200000000.0000	   3.2762	   2.3761	   0.9966	   0.0280
15280000000.0000	   3.2619	   2.3483	   0.9988	   0.0362
15360000000.0000	   3.2353	   2.3780	   1.0022	   0.0287
15440000000.0000	   3.2415	   2.3680	   0.9983	   0.0339
15520000000.0000	   3.1913	   2.3722	   1.0060	   0.0296
15600000000.0000	   3.2132	   2.3925	   0.9995	   0.0268
15680000000.0000	   3.1730	   2.3608	   1.0051	   0.0308
15760000000.0000	   3.1605	   2.4058	   1.0056	   0.0185
15840000000.0000	   3.1655	   2.3756	   1.0005	   0.0249
15920000000.0000	   3.1212	   2.3922	   1.0083	   0.0181
16000000000.0000	   3.1575	   2.4033	   0.9993	   0.0170
16080000000.0000	   3.1161	   2.3817	   1.0068	   0.0189
16160000000.0000	   3.1236	   2.4246	   1.0013	   0.0092
16240000000.0000	   3.1273	   2.3987	   0.9996	   0.0169
16320000000.0000	   3.1113	   2.4185	   1.0013	   0.0098
16400000000.0000	   3.1320	   2.4106	   0.9956	   0.0118
16480000000.0000	   3.1103	   2.4055	   0.9966	   0.0122
16560000000.0000	   3.1248	   2.4272	   0.9917	   0.0093
16640000000.0000	   3.1271	   2.4080	   0.9903	   0.0142
16720000000.0000	   3.1208	   2.4121	   0.9887	   0.0121
16800000000.0000	   3.1182	   2.4082	   0.9853	   0.0142
16880000000.0000	   3.1065	   2.4005	   0.9852	   0.0160
16960000000.0000	   3.1046	   2.3958	   0.9826	   0.0150
17040000000.0000	   3.0938	   2.3941	   0.9816	   0.0155
17120000000.0000	   3.0831	   2.3719	   0.9814	   0.0196
17200000000.0000	   3.0559	   2.3726	   0.9830	   0.0166
17280000000.0000	   3.0587	   2.3597	   0.9788	   0.0196
17360000000.0000	   3.0167	   2.3446	   0.9859	   0.0191
17440000000.0000	   3.0095	   2.3501	   0.9834	   0.0168
17520000000.0000	   2.9792	   2.3111	   0.9884	   0.0215
17600000000.0000	   2.9467	   2.3230	   0.9905	   0.0141
17680000000.0000	   2.9476	   2.2899	   0.9890	   0.0207
17760000000.0000	   2.8917	   2.2774	   0.9997	   0.0168
17840000000.0000	   2.8998	   2.2742	   0.9941	   0.0153
17920000000.0000	   2.8596	   2.2282	   1.0038	   0.0201
18000000000.0000	   2.8367	   2.2497	   1.0056	   0.0115
