frequency	e'	e''	u'	u''
2000000000.0000	   7.4311	   5.1215	   1.0503	   0.3914
2080000000.0000	   7.3398	   5.0360	   1.0391	   0.3982
2160000000.0000	   7.2722	   4.9502	   1.0324	   0.3948
2240000000.0000	   7.2063	   4.8616	   1.0272	   0.4007
2320000000.0000	   7.1273	   4.8074	   1.0126	   0.3906
2400000000.0000	   7.0943	   4.7403	   0.9919	   0.3866
2480000000.0000	   7.0306	   4.6900	   0.9701	   0.3853
2560000000.0000	   6.9939	   4.6543	   0.9469	   0.3701
2640000000.0000	   6.9511	   4.6123	   0.9159	   0.3659
2720000000.0000	   6.8984	   4.5968	   0.9006	   0.3441
2800000000.0000	   6.8792	   4.5633	   0.8647	   0.3240
2880000000.0000	   6.8099	   4.5532	   0.8468	   0.3043
2960000000.0000	   6.7813	   4.5443	   0.8218	   0.2662
3040000000.0000	   6.7137	   4.5119	   0.8097	   0.2457
3120000000.0000	   6.6481	   4.5221	   0.8057	   0.2037
3200000000.0000	   6.5900	   4.4870	   0.7899	   0.1725
3280000000.0000	   6.5083	   4.4767	   0.8023	   0.1506
3360000000.0000	   6.4513	   4.4518	   0.8018	   0.1152
3440000000.0000	   6.3588	   4.4054	   0.8129	   0.1018
3520000000.0000	   6.3015	   4.3879	   0.8282	   0.0813
3600000000.0000	   6.2311	   4.3169	   0.8395	   0.0715
3680000000.0000	   6.1487	   4.2813	   0.8620	   0.0633
3760000000.0000	   6.0931	   4.2326	   0.8688	   0.0539
3840000000.0000	   6.0255	   4.1746	   0.8855	   0.0569
3920000000.0000	   5.9723	   4.1312	   0.8965	   0.0541
4000000000.0000	   5.9131	   4.0689	   0.9114	   0.0591
4080000000.0000	   5.8586	   4.0307	   0.9243	   0.0617
4160000000.0000	   5.8133	   3.9814	   0.9332	   0.0635
4240000000.0000	   5.7730	   3.9354	   0.9459	   0.0735
4320000000.0000	   5.7232	   3.8909	   0.9561	   0.0783
4400000000.0000	   5.6850	   3.8503	   0.9670	   0.0848
4480000000.0000	   5.6385	   3.8162	   0.9747	   0.0926
4560000000.0000	   5.5985	   3.7908	   0.9844	   0.0997
4640000000.0000	   5.5727	   3.7627	   0.9915	   0.1075
4720000000.0000	   5.5248	   3.7424	   1.0026	   0.1176
4800000000.0000	   5.5026	   3.7386	   1.0073	   0.1193
4880000000.0000	   5.4685	   3.7104	   1.0134	   0.1318
4960000000.0000	   5.4337	   3.7238	   1.0171	   0.1320
5040000000.0000	   5.4212	   3.7056	   1.0141	   0.1418
5120000000.0000	   5.3745	   3.7123	   1.0212	   0.1515
5200000000.0000	   5.3594	   3.7181	   1.0140	   0.1503
5280000000.0000	   5.3250	   3.7128	   1.0121	   0.1619
5360000000.0000	   5.3010	   3.7362	   1.0054	   0.1563
5440000000.0000	   5.2765	   3.7351	   0.9911	   0.1588
5520000000.0000	   5.2402	   3.7622	   0.9841	   0.1582
5600000000.0000	   5.2261	   3.7748	   0.9649	   0.1502
5680000000.0000	   5.1845	   3.7777	   0.9591	   0.1456
5760000000.0000	   5.1509	   3.8100	   0.9434	   0.1286
5840000000.0000	   5.1112	   3.8094	   0.9331	   0.1182
5920000000.0000	   5.0715	   3.8324	   0.9311	   0.1023
6000000000.0000	   5.0366	   3.8196	   0.9221	   0.0846
6080000000.0000	   4.9793	   3.8312	   0.9226	   0.0712
6160000000.0000	   4.9547	   3.8237	   0.9200	   0.0590
6240000000.0000	   4.9052	   3.8063	   0.9250	   0.0462
6320000000.0000	   4.8657	   3.7967	   0.9262	   0.0337
6400000000.0000	   4.8325	   3.7763	   0.9264	   0.0264
6480000000.0000	   4.7977	   3.7525	   0.9334	   0.0177
6560000000.0000	   4.7663	   3.7216	   0.9360	   0.0119
6640000000.0000	   4.7299	   3.7065	   0.9402	   0.0051
6720000000.0000	   4.7086	   3.6806	   0.9427	   0.0035
6800000000.0000	   4.6822	   3.6585	   0.9472	  -0.0002
6880000000.0000	   4.6553	   3.6253	   0.9512	  -0.0015
6960000000.0000	   4.6285	   3.6021	   0.9562	  -0.0021
7040000000.0000	   4.6194	   3.5822	   0.9572	  -0.0055
7120000000.0000	   4.5892	   3.5402	   0.9601	  -0.0018
7200000000.0000	   4.5758	   3.5332	   0.9647	  -0.0043
7280000000.0000	   4.5642	   3.4906	   0.9640	  -0.0007
7360000000.0000	   4.5319	   3.4761	   0.9708	  -0.0007
7440000000.0000	   4.5344	   3.4553	   0.9668	  -0.0001
7520000000.0000	   4.4990	   3.4245	   0.9725	   0.0060
7600000000.0000	   4.4918	   3.4189	   0.9723	   0.0024
7680000000.0000	   4.4744	   3.3752	   0.9728	   0.0100
7760000000.0000	   4.4409	   3.3767	   0.9778	   0.0103
7840000000.0000	   4.4445	   3.3435	   0.9755	   0.0116
7920000000.0000	   4.4001	   3.3259	   0.9807	   0.0165
8000000000.0000	   4.3908	   3.3227	   0.9801	   0.0150
8080000000.0000	   4.3672	   3.2907	   0.9811	   0.0211
8160000000.0000	   4.3327	   3.2869	   0.9846	   0.0216
8240000000.0000	   4.3220	   3.2678	   0.9831	   0.0254
8320000000.0000	   4.2852	   3.2511	   0.9902	   0.0283
8400000000.0000	   4.2609	   3.2392	   0.9910	   0.0263
8480000000.0000	   4.2315	   3.2258	   0.9921	   0.0284
8560000000.0000	   4.1962	   3.2171	   0.9941	   0.0326
8640000000.0000	   4.1722	   3.2010	   0.9973	   0.0317
8720000000.0000	   4.1332	   3.1940	   1.0017	   0.0328
8800000000.0000	   4.0980	   3.1897	   1.0044	   0.0325
8880000000.0000	   4.0776	   3.1866	   1.0047	   0.0322
8960000000.0000	   4.0419	   3.1619	   1.0088	   0.0353
9040000000.0000	   4.0124	   3.1719	   1.0123	   0.0295
9120000000.0000	   3.9918	   3.1542	   1.0122	   0.0307
9200000000.0000	   3.9489	   3.1517	   1.0175	   0.0274
9280000000.0000	   3.9437	   3.1483	   1.0151	   0.0259
9360000000.0000	   3.9040	   3.1344	   1.0208	   0.0276
9440000000.0000	   3.8894	   3.1461	   1.0205	   0.0190
9520000000.0000	   3.8726	   3.1146	   1.0198	   0.0217
9600000000.0000	   3.8409	   3.1199	   1.0217	   0.0177
9680000000.0000	   3.8529	   3.1040	   1.0164	   0.0173
9760000000.0000	   3.8226	   3.0822	   1.0210	   0.0203
9840000000.0000	   3.8090	   3.0801	   1.0186	   0.0139
9920000000.0000	   3.7981	   3.0513	   1.0185	   0.0180
10000000000.0000	   3.7872	   3.0573	   1.0193	   0.0141
10080000000.0000	   3.8045	   3.0271	   1.0139	   0.0160
10160000000.0000	   3.7753	   3.0174	   1.0175	   0.0165
10240000000.0000	   3.7810	   3.0034	   1.0115	   0.0143
10320000000.0000	   3.7720	   2.9776	   1.0124	   0.0175
10400000000.0000	   3.7625	   2.9740	   1.0111	   0.0163
10480000000.0000	   3.7673	   2.9469	   1.0080	   0.0174
10560000000.0000	   3.7470	   2.9413	   1.0121	   0.0193
10640000000.0000	   3.7313	   2.9272	   1.0109	   0.0184
10720000000.0000	   3.7356	   2.9173	   1.0097	   0.0191
10800000000.0000	   3.7083	   2.8988	   1.0127	   0.0206
10880000000.0000	   3.6967	   2.9040	   1.0126	   0.0172
10960000000.0000	   3.6876	   2.8813	   1.0136	   0.0208
11040000000.0000	   3.6569	   2.8833	   1.0165	   0.0177
11120000000.0000	   3.6631	   2.8751	   1.0149	   0.0158
11200000000.0000	   3.6151	   2.8603	   1.0217	   0.0201
11280000000.0000	   3.6064	   2.8802	   1.0207	   0.0119
11360000000.0000	   3.5900	   2.8582	   1.0242	   0.0163
11440000000.0000	   3.5461	   2.8790	   1.0310	   0.0108
11520000000.0000	   3.5523	   2.8671	   1.0273	   0.0111
11600000000.0000	   3.4993	   2.8641	   1.0368	   0.0134
11680000000.0000	   3.4866	   2.8940	   1.0360	   0.0083
11760000000.0000	   3.4436	   2.8396	   1.0377	   0.0222
11840000000.0000	   3.3918	   2.8696	   1.0369	   0.0136
11920000000.0000	   3.4156	   2.8343	   1.0159	   0.0142
12000000000.0000	   3.3879	   2.7969	   1.0168	  -0.0005
12080000000.0000	   3.4104	   2.8455	   1.0242	  -0.0238
12160000000.0000	   3.3905	   2.8350	   1.0339	  -0.0202
12240000000.0000	   3.3511	   2.8583	   1.0427	  -0.0254
12320000000.0000	   3.3481	   2.8510	   1.0434	  -0.0241
12400000000.0000	   3.3098	   2.8441	   1.0504	  -0.0223
12480000000.0000	   3.2955	   2.8463	   1.0501	  -0.0272
12560000000.0000	   3.2853	   2.8275	   1.0514	  -0.0226
12640000000.0000	   3.2528	   2.8197	   1.0549	  -0.0254
12720000000.0000	   3.2544	   2.8173	   1.0529	  -0.0270
12800000000.0000	   3.2359	   2.7997	   1.0557	  -0.0231
12880000000.0000	   3.2141	   2.7951	   1.0590	  -0.0276
12960000000.0000	   3.2226	   2.7847	   1.0566	  -0.0259
13040000000.0000	   3.1966	   2.7587	   1.0615	  -0.0254
13120000000.0000	   3.1950	   2.7733	   1.0594	  -0.0322
13200000000.0000	   3.1969	   2.7359	   1.0580	  -0.0241
13280000000.0000	   3.1624	   2.7387	   1.0634	  -0.0308
13360000000.0000	   3.1948	   2.7429	   1.0547	  -0.0305
13440000000.0000	   3.1622	   2.7084	   1.0611	  -0.0253
13520000000.0000	   3.1766	   2.7420	   1.0559	  -0.0341
13600000000.0000	   3.1926	   2.6963	   1.0534	  -0.0236
13680000000.0000	   3.1651	   2.7083	   1.0589	  -0.0311
13760000000.0000	   3.2070	   2.7001	   1.0498	  -0.0293
13840000000.0000	   3.1864	   2.6739	   1.0547	  -0.0250
13920000000.0000	   3.2098	   2.6938	   1.0486	  -0.0299
14000000000.0000	   3.2195	   2.6548	   1.0463	  -0.0193
14080000000.0000	   3.2041	   2.6769	   1.0459	  -0.0258
14160000000.0000	   3.2350	   2.6625	   1.0364	  -0.0224
14240000000.0000	   3.2059	   2.6458	   1.0414	  -0.0211
14320000000.0000	   3.2303	   2.6465	   1.0351	  -0.0239
14400000000.0000	   3.2314	   2.6136	   1.0392	  -0.0199
14480000000.0000	   3.2226	   2.6106	   1.0436	  -0.0189
14560000000.0000	   3.2207	   2.5909	   1.0452	  -0.0143
14640000000.0000	   3.2078	   2.5717	   1.0453	  -0.0067
14720000000.0000	   3.1999	   2.5457	   1.0429	  -0.0014
14800000000.0000	   3.1972	   2.5254	   1.0430	  -0.0008
14880000000.0000	   3.1964	   2.4948	   1.0435	   0.0034
14960000000.0000	   3.1823	   2.4923	   1.0496	   0.0013
15040000000.0000	   3.2051	   2.4738	   1.0481	   0.0066
15120000000.0000	   3.1792	   2.4620	   1.0560	   0.0109
15200000000.0000	   3.1953	   2.4767	   1.0551	   0.0093
15280000000.0000	   3.1856	   2.4496	   1.0589	   0.0193
15360000000.0000	   3.1644	   2.4794	   1.0621	   0.0140
15440000000.0000	   3.1816	   2.4721	   1.0584	   0.0224
15520000000.0000	   3.1371	   2.4859	   1.0653	   0.0205
15600000000.0000	   3.1591	   2.5175	   1.0571	   0.0202
15680000000.0000	   3.1232	   2.4953	   1.0607	   0.0275
15760000000.0000	   3.1040	   2.5598	   1.0580	   0.0158
15840000000.0000	   3.1085	   2.5428	   1.0501	   0.0241
15920000000.0000	   3.0514	   2.5693	   1.0551	   0.0170
16000000000.0000	   3.0732	   2.5935	   1.0429	   0.0155
16080000000.0000	   3.0189	   2.5763	   1.0482	   0.0169
16160000000.0000	   3.0100	   2.6217	   1.0405	   0.0064
16240000000.0000	   3.0013	   2.6006	   1.0371	   0.0126
16320000000.0000	   2.9649	   2.6225	   1.0374	   0.0033
16400000000.0000	   2.9702	   2.6141	   1.0309	   0.0037
16480000000.0000	   2.9391	   2.6009	   1.0313	   0.0033
16560000000.0000	   2.9349	   2.6182	   1.0260	  -0.0020
16640000000.0000	   2.9247	   2.5913	   1.0250	   0.0015
16720000000.0000	   2.9048	   2.5854	   1.0237	  -0.0017
16800000000.0000	   2.8948	   2.5714	   1.0206	  -0.0013
16880000000.0000	   2.8766	   2.5528	   1.0216	  -0.0006
16960000000.0000	   2.8695	   2.5332	   1.0201	  -0.0016
17040000000.0000	   2.8516	   2.5197	   1.0201	  -0.0022
17120000000.0000	   2.8391	   2.4830	   1.0216	   0.0021
17200000000.0000	   2.8112	   2.4731	   1.0241	  -0.0014
17280000000.0000	   2.8149	   2.4485	   1.0212	   0.0017
17360000000.0000	   2.7752	   2.4192	   1.0303	   0.0011
17440000000.0000	   2.7696	   2.4122	   1.0286	  -0.0000
17520000000.0000	   2.7475	   2.3641	   1.0346	   0.0052
17600000000.0000	   2.7184	   2.3641	   1.0380	  -0.0012
17680000000.0000	   2.7242	   2.3247	   1.0373	   0.0065
17760000000.0000	   2.6757	   2.3054	   1.0492	   0.0033
17840000000.0000	   2.6881	   2.2955	   1.0438	   0.0032
17920000000.0000	   2.6589	   2.2434	   1.0542	   0.0093
18000000000.0000	   2.6394	   2.2601	   1.0562	   0.0011
