frequency	e'	e''	u'	u''
2000000000.0000	   6.7651	   6.2979	   1.2977	   0.1328
2080000000.0000	   6.6249	   6.1884	   1.2948	   0.1367
2160000000.0000	   6.5099	   6.0956	   1.3060	   0.1323
2240000000.0000	   6.4086	   5.9859	   1.3091	   0.1393
2320000000.0000	   6.2783	   5.9011	   1.3134	   0.1349
2400000000.0000	   6.2074	   5.8154	   1.3101	   0.1376
2480000000.0000	   6.1058	   5.7236	   1.3053	   0.1496
2560000000.0000	   6.0325	   5.6522	   1.3035	   0.1479
2640000000.0000	   5.9636	   5.5682	   1.2828	   0.1625
2720000000.0000	   5.8835	   5.5073	   1.2834	   0.1675
2800000000.0000	   5.8535	   5.4471	   1.2571	   0.1721
2880000000.0000	   5.7797	   5.3804	   1.2420	   0.1819
2960000000.0000	   5.7431	   5.3456	   1.2185	   0.1762
3040000000.0000	   5.6898	   5.2832	   1.1962	   0.1806
3120000000.0000	   5.6231	   5.2646	   1.1794	   0.1678
3200000000.0000	   5.5776	   5.2236	   1.1484	   0.1578
3280000000.0000	   5.5005	   5.1949	   1.1377	   0.1508
3360000000.0000	   5.4401	   5.1699	   1.1207	   0.1271
3440000000.0000	   5.3500	   5.1249	   1.1089	   0.1157
3520000000.0000	   5.2756	   5.1023	   1.1053	   0.0965
3600000000.0000	   5.1954	   5.0428	   1.1030	   0.0818
3680000000.0000	   5.1015	   4.9977	   1.1105	   0.0661
3760000000.0000	   5.0228	   4.9445	   1.1117	   0.0520
3840000000.0000	   4.9384	   4.8809	   1.1209	   0.0458
3920000000.0000	   4.8662	   4.8187	   1.1280	   0.0400
4000000000.0000	   4.7867	   4.7466	   1.1428	   0.0375
4080000000.0000	   4.7231	   4.6861	   1.1516	   0.0362
4160000000.0000	   4.6584	   4.6134	   1.1628	   0.0387
4240000000.0000	   4.6065	   4.5538	   1.1748	   0.0439
4320000000.0000	   4.5509	   4.4816	   1.1837	   0.0493
4400000000.0000	   4.4961	   4.4247	   1.1962	   0.0548
4480000000.0000	   4.4520	   4.3672	   1.1997	   0.0609
4560000000.0000	   4.3977	   4.3167	   1.2092	   0.0699
4640000000.0000	   4.3636	   4.2733	   1.2134	   0.0748
4720000000.0000	   4.3143	   4.2227	   1.2213	   0.0846
4800000000.0000	   4.2759	   4.2020	   1.2250	   0.0859
4880000000.0000	   4.2436	   4.1564	   1.2277	   0.0939
4960000000.0000	   4.1933	   4.1379	   1.2310	   0.0930
5040000000.0000	   4.1745	   4.1100	   1.2276	   0.0967
5120000000.0000	   4.1256	   4.0860	   1.2329	   0.1007
5200000000.0000	   4.0965	   4.0755	   1.2301	   0.0959
5280000000.0000	   4.0653	   4.0488	   1.2297	   0.0993
5360000000.0000	   4.0302	   4.0445	   1.2274	   0.0923
5440000000.0000	   4.0003	   4.0260	   1.2215	   0.0904
5520000000.0000	   3.9682	   4.0223	   1.2208	   0.0874
5600000000.0000	   3.9480	   4.0116	   1.2123	   0.0828
5680000000.0000	   3.9163	   3.9925	   1.2135	   0.0788
5760000000.0000	   3.8897	   3.9934	   1.2043	   0.0699
5840000000.0000	   3.8603	   3.9776	   1.2009	   0.0667
5920000000.0000	   3.8442	   3.9796	   1.1985	   0.0578
6000000000.0000	   3.8229	   3.9572	   1.1921	   0.0513
6080000000.0000	   3.7896	   3.9644	   1.1889	   0.0425
6160000000.0000	   3.7882	   3.9559	   1.1824	   0.0394
6240000000.0000	   3.7535	   3.9485	   1.1835	   0.0310
6320000000.0000	   3.7332	   3.9549	   1.1763	   0.0210
6400000000.0000	   3.6878	   3.9533	   1.1717	   0.0168
6480000000.0000	   3.6309	   3.9395	   1.1729	   0.0027
6560000000.0000	   3.5974	   3.8778	   1.1745	  -0.0044
6640000000.0000	   3.5687	   3.8421	   1.1798	  -0.0109
6720000000.0000	   3.5781	   3.8164	   1.1791	  -0.0132
6800000000.0000	   3.5679	   3.7940	   1.1829	  -0.0139
6880000000.0000	   3.5575	   3.7768	   1.1836	  -0.0183
6960000000.0000	   3.5484	   3.7598	   1.1863	  -0.0188
7040000000.0000	   3.5374	   3.7554	   1.1877	  -0.0231
7120000000.0000	   3.5259	   3.7318	   1.1882	  -0.0226
7200000000.0000	   3.5103	   3.7327	   1.1926	  -0.0239
7280000000.0000	   3.5007	   3.7135	   1.1935	  -0.0233
7360000000.0000	   3.4723	   3.7081	   1.1992	  -0.0258
7440000000.0000	   3.4665	   3.7086	   1.1976	  -0.0252
7520000000.0000	   3.4374	   3.6996	   1.2036	  -0.0230
7600000000.0000	   3.4204	   3.7079	   1.2053	  -0.0263
7680000000.0000	   3.3937	   3.6947	   1.2095	  -0.0221
7760000000.0000	   3.3560	   3.7129	   1.2148	  -0.0236
7840000000.0000	   3.3350	   3.7100	   1.2173	  -0.0216
7920000000.0000	   3.2760	   3.7214	   1.2262	  -0.0214
8000000000.0000	   3.2354	   3.7421	   1.2289	  -0.0227
8080000000.0000	   3.1726	   3.7450	   1.2367	  -0.0192
8160000000.0000	   3.0978	   3.7650	   1.2442	  -0.0211
8240000000.0000	   3.0202	   3.7702	   1.2510	  -0.0171
8320000000.0000	   2.9153	   3.7673	   1.2647	  -0.0177
8400000000.0000	   2.8108	   3.7472	   1.2727	  -0.0174
8480000000.0000	   2.6880	   3.7061	   1.2852	  -0.0126
8560000000.0000	   2.5785	   3.6465	   1.2946	  -0.0058
8640000000.0000	   2.4818	   3.5539	   1.3071	   0.0011
8720000000.0000	   2.3982	   3.4583	   1.3168	   0.0088
8800000000.0000	   2.3439	   3.3539	   1.3250	   0.0190
8880000000.0000	   2.3125	   3.2625	   1.3287	   0.0278
8960000000.0000	   2.3030	   3.1650	   1.3323	   0.0382
9040000000.0000	   2.2921	   3.0974	   1.3347	   0.0423
9120000000.0000	   2.3046	   3.0328	   1.3308	   0.0497
9200000000.0000	   2.3049	   2.9776	   1.3314	   0.0516
9280000000.0000	   2.3230	   2.9446	   1.3241	   0.0543
9360000000.0000	   2.3286	   2.9053	   1.3244	   0.0568
9440000000.0000	   2.3343	   2.8898	   1.3216	   0.0497
9520000000.0000	   2.3452	   2.8586	   1.3181	   0.0494
9600000000.0000	   2.3415	   2.8479	   1.3183	   0.0452
9680000000.0000	   2.3578	   2.8333	   1.3138	   0.0444
9760000000.0000	   2.3498	   2.8082	   1.3196	   0.0454
9840000000.0000	   2.3424	   2.7965	   1.3197	   0.0409
9920000000.0000	   2.3365	   2.7722	   1.3240	   0.0449
10000000000.0000	   2.3306	   2.7685	   1.3270	   0.0418
10080000000.0000	   2.3384	   2.7407	   1.3283	   0.0481
10160000000.0000	   2.3162	   2.7224	   1.3359	   0.0504
10240000000.0000	   2.3136	   2.6983	   1.3357	   0.0558
10320000000.0000	   2.2964	   2.6669	   1.3438	   0.0658
10400000000.0000	   2.2858	   2.6426	   1.3471	   0.0740
10480000000.0000	   2.2775	   2.6005	   1.3511	   0.0884
10560000000.0000	   2.2605	   2.5660	   1.3579	   0.1033
10640000000.0000	   2.2492	   2.5215	   1.3569	   0.1214
10720000000.0000	   2.2482	   2.4833	   1.3536	   0.1406
10800000000.0000	   2.2439	   2.4297	   1.3467	   0.1617
10880000000.0000	   2.2459	   2.3902	   1.3336	   0.1778
10960000000.0000	   2.2645	   2.3435	   1.3139	   0.1947
11040000000.0000	   2.2725	   2.3049	   1.2952	   0.2029
11120000000.0000	   2.3057	   2.2780	   1.2692	   0.2032
11200000000.0000	   2.3158	   2.2513	   1.2514	   0.2035
11280000000.0000	   2.3411	   2.2545	   1.2301	   0.1869
11360000000.0000	   2.3680	   2.2408	   1.2163	   0.1775
11440000000.0000	   2.3666	   2.2562	   1.2106	   0.1583
11520000000.0000	   2.3931	   2.2646	   1.1984	   0.1420
11600000000.0000	   2.3796	   2.2700	   1.2038	   0.1295
11680000000.0000	   2.3820	   2.3040	   1.1993	   0.1111
11760000000.0000	   2.3700	   2.2886	   1.2003	   0.1112
11840000000.0000	   2.3359	   2.3227	   1.1995	   0.0903
11920000000.0000	   2.3531	   2.3162	   1.1805	   0.0800
12000000000.0000	   2.3306	   2.3025	   1.1854	   0.0527
12080000000.0000	   2.3359	   2.3360	   1.1986	   0.0225
12160000000.0000	   2.3192	   2.3398	   1.2136	   0.0172
12240000000.0000	   2.2918	   2.3624	   1.2258	   0.0061
12320000000.0000	   2.2814	   2.3643	   1.2317	   0.0032
12400000000.0000	   2.2502	   2.3665	   1.2436	  -0.0012
12480000000.0000	   2.2310	   2.3721	   1.2471	  -0.0096
12560000000.0000	   2.2130	   2.3652	   1.2539	  -0.0108
12640000000.0000	   2.1848	   2.3638	   1.2612	  -0.0181
12720000000.0000	   2.1738	   2.3628	   1.2659	  -0.0233
12800000000.0000	   2.1514	   2.3553	   1.2739	  -0.0249
12880000000.0000	   2.1287	   2.3505	   1.2821	  -0.0321
12960000000.0000	   2.1165	   2.3443	   1.2865	  -0.0345
13040000000.0000	   2.0932	   2.3266	   1.2970	  -0.0375
13120000000.0000	   2.0731	   2.3342	   1.3023	  -0.0455
13200000000.0000	   2.0684	   2.3123	   1.3071	  -0.0405
13280000000.0000	   2.0301	   2.3055	   1.3194	  -0.0494
13360000000.0000	   2.0322	   2.3077	   1.3178	  -0.0500
13440000000.0000	   2.0037	   2.2807	   1.3317	  -0.0477
13520000000.0000	   1.9922	   2.2991	   1.3342	  -0.0560
13600000000.0000	   1.9960	   2.2683	   1.3390	  -0.0475
13680000000.0000	   1.9634	   2.2620	   1.3522	  -0.0541
13760000000.0000	   1.9724	   2.2544	   1.3516	  -0.0513
13840000000.0000	   1.9512	   2.2289	   1.3655	  -0.0474
13920000000.0000	   1.9454	   2.2359	   1.3677	  -0.0503
14000000000.0000	   1.9396	   2.2070	   1.3757	  -0.0385
14080000000.0000	   1.9103	   2.2067	   1.3838	  -0.0420
14160000000.0000	   1.9116	   2.1877	   1.3858	  -0.0333
14240000000.0000	   1.8809	   2.1633	   1.3997	  -0.0296
14320000000.0000	   1.8800	   2.1472	   1.4021	  -0.0251
14400000000.0000	   1.8642	   2.1091	   1.4197	  -0.0156
14480000000.0000	   1.8499	   2.0891	   1.4343	  -0.0072
14560000000.0000	   1.8327	   2.0588	   1.4492	   0.0065
14640000000.0000	   1.8124	   2.0320	   1.4577	   0.0221
14720000000.0000	   1.7947	   1.9922	   1.4655	   0.0410
14800000000.0000	   1.7684	   1.9603	   1.4778	   0.0501
14880000000.0000	   1.7593	   1.9167	   1.4865	   0.0671
14960000000.0000	   1.7291	   1.8777	   1.5066	   0.0795
15040000000.0000	   1.7293	   1.8460	   1.5142	   0.0973
15120000000.0000	   1.7019	   1.7974	   1.5343	   0.1217
15200000000.0000	   1.6873	   1.7742	   1.5428	   0.1329
15280000000.0000	   1.6802	   1.7204	   1.5529	   0.1659
15360000000.0000	   1.6524	   1.6894	   1.5656	   0.1804
15440000000.0000	   1.6578	   1.6476	   1.5638	   0.2120
15520000000.0000	   1.6343	   1.6027	   1.5768	   0.2353
15600000000.0000	   1.6394	   1.5774	   1.5674	   0.2577
15680000000.0000	   1.6359	   1.5187	   1.5681	   0.2931
15760000000.0000	   1.6296	   1.4985	   1.5607	   0.3057
15840000000.0000	   1.6487	   1.4519	   1.5411	   0.3414
15920000000.0000	   1.6401	   1.4180	   1.5357	   0.3595
16000000000.0000	   1.6692	   1.3910	   1.5065	   0.3792
16080000000.0000	   1.6738	   1.3459	   1.4913	   0.4041
16160000000.0000	   1.6940	   1.3297	   1.4630	   0.4111
16240000000.0000	   1.7221	   1.2924	   1.4342	   0.4349
16320000000.0000	   1.7407	   1.2706	   1.4108	   0.4373
16400000000.0000	   1.7740	   1.2408	   1.3776	   0.4456
16480000000.0000	   1.7939	   1.2164	   1.3518	   0.4523
16560000000.0000	   1.8290	   1.1991	   1.3225	   0.4520
16640000000.0000	   1.8581	   1.1738	   1.2968	   0.4556
16720000000.0000	   1.8859	   1.1556	   1.2712	   0.4508
16800000000.0000	   1.9123	   1.1360	   1.2467	   0.4500
16880000000.0000	   1.9401	   1.1215	   1.2258	   0.4450
16960000000.0000	   1.9686	   1.1006	   1.2072	   0.4398
17040000000.0000	   1.9900	   1.0927	   1.1906	   0.4306
17120000000.0000	   2.0185	   1.0730	   1.1731	   0.4287
17200000000.0000	   2.0312	   1.0650	   1.1643	   0.4188
17280000000.0000	   2.0627	   1.0546	   1.1462	   0.4121
17360000000.0000	   2.0718	   1.0397	   1.1437	   0.4079
17440000000.0000	   2.0943	   1.0428	   1.1323	   0.3959
17520000000.0000	   2.1077	   1.0240	   1.1250	   0.3938
17600000000.0000	   2.1167	   1.0291	   1.1228	   0.3814
17680000000.0000	   2.1417	   1.0160	   1.1117	   0.3791
17760000000.0000	   2.1399	   1.0159	   1.1159	   0.3715
17840000000.0000	   2.1660	   1.0194	   1.1045	   0.3608
17920000000.0000	   2.1654	   1.0042	   1.1064	   0.3608
18000000000.0000	   2.1791	   1.0243	   1.1044	   0.3461
